9923
9946
9988
9973
9959
9991
9926
9949
9903
9979
9945
9987
9911
9969
9956
9963
9933
9961
9953
9936
9909
9944
9924
9938
9935
9967
9994
9997
9907
9957
9917
9900
9950
9901
9925
9975
9952
9905
9940
9996
9962
9914
9958
9910
9955
9913
9976
9981
9948
9921
9904
9995
9968
9998
9954
9999
9937
9943
9947
9965
9939
9942
9931
9984
9993
9934
9990
9930
9960
9951
9974
9971
9927
9941
9919
9986
9982
9985
9964
9966
9906
9989
9970
9922
9912
9978
9980
9916
9929
9972
9932
9992
9918
9977
9928
9983
9920
9902
9908
9915
